[[111 , 0,3],[74,1,0],[23,1,0]],[[46,0,2]]
[[0,0,0],[204,0,0]],[[18.5,0,2]]
[[0,1,0],[408,0,0]],[[18.5,0,2]]
[[37,0,0],[343,1,0]],[[18.5,0,2]]
[[343,0,0],[83.5,1,0]],[[18.5,0,2]]
[[297,0,0],[46.5,1,0]],[[18.5,0,2]]
[],[[18.5,0,2]]
[[241,1,0]],[[18.5,0,2]]
(convivialité) [[18.5,0,0],[74,0,0]],[]
[[0.1,0,0],[213.5,0,0],[204,1,0],[612.5,0,1],[111,0,1],[668,0,2],[74,0,2],[278.5,0,2],[575.5,0,2]],[[761,0,3]]
[],[[761,1,0]]
[[612.5,0,2]],[[371,0,0]]
[],[[148.5,0,3]]
[[241,0,2]],[]
[[399,0,2],[74,0,2]],[[18.5,0,0]]
[[399,0,2],[371,0,2]],[[18.5,0,0]]
[[0.4,0,2],[241,0,2]],[[18.5,0,0]]
[],[[111.4,1,0]]
[],[[65,0,0]]
[[176,0,0],[18.5,0,2],[204,0,2],[510.5,0,2]],[[46.5,1,0]]
[[56,0,3]],[[9,0,1]]
