1 Laboratoire 0 0 883 884 12 2
2 Laboratoire 883 0 859 328 4 1
3 Local_Menage 1742 0 150 328 0 1
4 Bureau 1892 0 446 328 2 1
5 Bureau 2338 0 446 323 2 1
6 Bureau 2784 0 441 323 2 1
7 Bureau 3225 0 448 328 2 1
8 Bureau 3673 0 448 328 2 1
9 Serveurs 4121 0 466 328 3 1
10 THD_Chercheurs 4587 0 882 884 11 1
11 Acces 3985 502 602 280 0 2
12 Espace 3712 502 273 382 2 0
13 Sanitaires 3382 502 330 382 0 3
14 Ascenseurs 2843 502 539 382 1 0
15 Bureau 2450 502 393 377 2 1
16 Bureau 2054 502 396 382 2 1
17 Reserve 1534 502 520 382 2 1
18 Acces 932 502 602 382 0 2
19 Couloir 883 328 3704 154 0 0